 5.00000000e-10  4.98990505e+00  5.00000000e-10  4.99988657e+00 
 1.00000000e-09  4.98979013e+00  1.00000000e-09  4.99977313e+00 
 2.00000000e-09  4.98956025e+00  2.00000000e-09  4.99954621e+00 
 4.00000000e-09  4.98910028e+00  4.00000000e-09  4.99909217e+00 
 8.00000000e-09  4.98817954e+00  8.00000000e-09  4.99818328e+00 
 1.60000000e-08  4.98633485e+00  1.60000000e-08  4.99636226e+00 
 3.20000000e-08  4.98263256e+00  3.20000000e-08  4.99270732e+00 
 5.00000000e-08  4.97844697e+00  5.00000000e-08  4.98857494e+00 
 5.32000000e-08  4.97770024e+00  5.32000000e-08  4.98783768e+00 
 5.96000000e-08  4.97620542e+00  5.96000000e-08  4.98636176e+00 
 7.24000000e-08  4.97320755e+00  7.24000000e-08  4.98340169e+00 
 9.80000000e-08  4.96717890e+00  9.80000000e-08  4.97744858e+00 
 1.48000000e-07  4.95527784e+00  1.48000000e-07  4.96569480e+00 
 1.98000000e-07  4.94320993e+00  1.98000000e-07  4.95377385e+00 
 2.48000000e-07  4.93097557e+00  2.48000000e-07  4.94168610e+00 
 2.98000000e-07  4.91857511e+00  2.98000000e-07  4.92943192e+00 
 3.48000000e-07  4.90600895e+00  3.48000000e-07  4.91701171e+00 
 3.98000000e-07  4.89327744e+00  3.98000000e-07  4.90442583e+00 
 4.48000000e-07  4.88038098e+00  4.48000000e-07  4.89167466e+00 
 4.98000000e-07  4.86731993e+00  4.98000000e-07  4.87875857e+00 
 5.48000000e-07  4.85409466e+00  5.48000000e-07  4.86567793e+00 
 5.98000000e-07  4.84070555e+00  5.98000000e-07  4.85243313e+00 
 6.48000000e-07  4.82715297e+00  6.48000000e-07  4.83902453e+00 
 6.98000000e-07  4.81343729e+00  6.98000000e-07  4.82545250e+00 
 7.48000000e-07  4.79955888e+00  7.48000000e-07  4.81171741e+00 
 7.98000000e-07  4.78551810e+00  7.98000000e-07  4.79781964e+00 
 8.30000000e-07  4.77644695e+00  8.30000000e-07  4.78883985e+00 
 8.35000000e-07  4.77506081e+00  8.35000000e-07  4.78743382e+00 
 8.45000000e-07  4.77229303e+00  8.45000000e-07  4.78462629e+00 
 8.65000000e-07  4.76678451e+00  8.65000000e-07  4.77903832e+00 
 9.05000000e-07  4.75587550e+00  9.05000000e-07  4.76797062e+00 
 9.55000000e-07  4.74244146e+00  9.55000000e-07  4.75433864e+00 
 1.00500000e-06  4.72923167e+00  1.00500000e-06  4.74093134e+00 
 1.05500000e-06  4.71624561e+00  1.05500000e-06  4.72774823e+00 
 1.10500000e-06  4.70348279e+00  1.10500000e-06  4.71478879e+00 
 1.15500000e-06  4.69094268e+00  1.15500000e-06  4.70205251e+00 
 1.20500000e-06  4.67862479e+00  1.20500000e-06  4.68953890e+00 
 1.25500000e-06  4.66652861e+00  1.25500000e-06  4.67724745e+00 
 1.30500000e-06  4.65465365e+00  1.30500000e-06  4.66517765e+00 
 1.35500000e-06  4.64299939e+00  1.35500000e-06  4.65332901e+00 
 1.40500000e-06  4.63156535e+00  1.40500000e-06  4.64170101e+00 
 1.45500000e-06  4.62035101e+00  1.45500000e-06  4.63029316e+00 
 1.50500000e-06  4.60935590e+00  1.50500000e-06  4.61910497e+00 
 1.55500000e-06  4.59857949e+00  1.55500000e-06  4.60813593e+00 
 1.60500000e-06  4.58802131e+00  1.60500000e-06  4.59738555e+00 
 1.65500000e-06  4.57768086e+00  1.65500000e-06  4.58685333e+00 
 1.66000000e-06  4.57665877e+00  1.66000000e-06  4.58581209e+00 
 1.66500000e-06  4.57560193e+00  1.66500000e-06  4.58477024e+00 
 1.67500000e-06  4.57348483e+00  1.67500000e-06  4.58268312e+00 
 1.69500000e-06  4.56923024e+00  1.69500000e-06  4.57848846e+00 
 1.73500000e-06  4.56063959e+00  1.73500000e-06  4.57001749e+00 
 1.78500000e-06  4.54974874e+00  1.78500000e-06  4.55927595e+00 
 1.83500000e-06  4.53868877e+00  1.83500000e-06  4.54836494e+00 
 1.88500000e-06  4.52746004e+00  1.88500000e-06  4.53728484e+00 
 1.93500000e-06  4.51606295e+00  1.93500000e-06  4.52603604e+00 
 1.98500000e-06  4.50449788e+00  1.98500000e-06  4.51461892e+00 
 2.03500000e-06  4.49276520e+00  2.03500000e-06  4.50303386e+00 
 2.08500000e-06  4.48086529e+00  2.08500000e-06  4.49128124e+00 
 2.13500000e-06  4.46879854e+00  2.13500000e-06  4.47936144e+00 
 2.18500000e-06  4.45656533e+00  2.18500000e-06  4.46727484e+00 
 2.23500000e-06  4.44416602e+00  2.23500000e-06  4.45502182e+00 
 2.28500000e-06  4.43160100e+00  2.28500000e-06  4.44260275e+00 
 2.33500000e-06  4.41887064e+00  2.33500000e-06  4.43001802e+00 
 2.38500000e-06  4.40597531e+00  2.38500000e-06  4.41726799e+00 
 2.43500000e-06  4.39291540e+00  2.43500000e-06  4.40435304e+00 
 2.48500000e-06  4.37969127e+00  2.48500000e-06  4.39127354e+00 
 2.49000000e-06  4.37835983e+00  2.49000000e-06  4.38995655e+00 
 2.49500000e-06  4.37706374e+00  2.49500000e-06  4.38864096e+00 
 2.50500000e-06  4.37447597e+00  2.50500000e-06  4.38601420e+00 
 2.52500000e-06  4.36932694e+00  2.52500000e-06  4.38078726e+00 
 2.56500000e-06  4.35913482e+00  2.56500000e-06  4.37043952e+00 
 2.61500000e-06  4.34659301e+00  2.61500000e-06  4.35770358e+00 
 2.66500000e-06  4.33427111e+00  2.66500000e-06  4.34518798e+00 
 2.71500000e-06  4.32216862e+00  2.71500000e-06  4.33289225e+00 
 2.76500000e-06  4.31028506e+00  2.76500000e-06  4.32081586e+00 
 2.81500000e-06  4.29861991e+00  2.81500000e-06  4.30895834e+00 
 2.86500000e-06  4.28717270e+00  2.86500000e-06  4.29731918e+00 
 2.91500000e-06  4.27594291e+00  2.91500000e-06  4.28589789e+00 
 2.96500000e-06  4.26493007e+00  2.96500000e-06  4.27469398e+00 
 3.01500000e-06  4.25413368e+00  3.01500000e-06  4.26370695e+00 
 3.06500000e-06  4.24355325e+00  3.06500000e-06  4.25293631e+00 
 3.11500000e-06  4.23318829e+00  3.11500000e-06  4.24238157e+00 
 3.16500000e-06  4.22303831e+00  3.16500000e-06  4.23204224e+00 
 3.21500000e-06  4.21310283e+00  3.21500000e-06  4.22191784e+00 
 3.26500000e-06  4.20338135e+00  3.26500000e-06  4.21200788e+00 
 3.31500000e-06  4.19387340e+00  3.31500000e-06  4.20231186e+00 
 3.33000000e-06  4.19106259e+00  3.33000000e-06  4.19944472e+00 
 3.33500000e-06  4.19011219e+00  3.33500000e-06  4.19849242e+00 
 3.34500000e-06  4.18821183e+00  3.34500000e-06  4.19658825e+00 
 3.36500000e-06  4.18441369e+00  3.36500000e-06  4.19278251e+00 
 3.40500000e-06  4.17682773e+00  3.40500000e-06  4.18518139e+00 
 3.45500000e-06  4.16736462e+00  3.45500000e-06  4.17569935e+00 
 3.50500000e-06  4.15792295e+00  3.50500000e-06  4.16623879e+00 
 3.55500000e-06  4.14850267e+00  3.55500000e-06  4.15679967e+00 
 3.60500000e-06  4.13910373e+00  3.60500000e-06  4.14738194e+00 
 3.65500000e-06  4.12972609e+00  3.65500000e-06  4.13798554e+00 
 3.70500000e-06  4.12036969e+00  3.70500000e-06  4.12861043e+00 
 3.75500000e-06  4.11103450e+00  3.75500000e-06  4.11925657e+00 
 3.80500000e-06  4.10172045e+00  3.80500000e-06  4.10992389e+00 
 3.85500000e-06  4.09242750e+00  3.85500000e-06  4.10061236e+00 
 3.90500000e-06  4.08315561e+00  3.90500000e-06  4.09132192e+00 
 3.95500000e-06  4.07390473e+00  3.95500000e-06  4.08205254e+00 
 4.00500000e-06  4.06467480e+00  4.00500000e-06  4.07280415e+00 
 4.05500000e-06  4.05546579e+00  4.05500000e-06  4.06357672e+00 
 4.10500000e-06  4.04627763e+00  4.10500000e-06  4.05437019e+00 
 4.15500000e-06  4.03711030e+00  4.15500000e-06  4.04518452e+00 
 4.20500000e-06  4.02796374e+00  4.20500000e-06  4.03601967e+00 
 4.25500000e-06  4.01883790e+00  4.25500000e-06  4.02687557e+00 
 4.30500000e-06  4.00973273e+00  4.30500000e-06  4.01775220e+00 
 4.35500000e-06  4.00064819e+00  4.35500000e-06  4.00864949e+00 
 4.40500000e-06  3.99158424e+00  4.40500000e-06  3.99956741e+00 
 4.45500000e-06  3.98254082e+00  4.45500000e-06  3.99050590e+00 
 4.50500000e-06  3.97351789e+00  4.50500000e-06  3.98146493e+00 
 4.55500000e-06  3.96451540e+00  4.55500000e-06  3.97244443e+00 
 4.60500000e-06  3.95553331e+00  4.60500000e-06  3.96344438e+00 
 4.65500000e-06  3.94657157e+00  4.65500000e-06  3.95446471e+00 
 4.70500000e-06  3.93763013e+00  4.70500000e-06  3.94550539e+00 
 4.75500000e-06  3.92870896e+00  4.75500000e-06  3.93656637e+00 
 4.80500000e-06  3.91980799e+00  4.80500000e-06  3.92764760e+00 
 4.85500000e-06  3.91092719e+00  4.85500000e-06  3.91874904e+00 
 4.90500000e-06  3.90206651e+00  4.90500000e-06  3.90987064e+00 
 4.95500000e-06  3.89322590e+00  4.95500000e-06  3.90101235e+00 
 5.00000000e-06  3.88528648e+00  5.00000000e-06  3.89305706e+00 
